# GIMP colorrc
# 
# This file holds a list of recently used colors.

(color-history
    (color-rgba 1.000000 1.000000 1.000000 1.000000)
    (color-rgba 0.822222 0.000000 0.285037 1.000000)
    (color-rgba 0.854902 0.000000 0.547137 1.000000)
    (color-rgba 0.819200 0.853333 0.000000 1.000000)
    (color-rgba 1.000000 1.000000 1.000000 0.000000)
    (color-rgba 0.715556 0.000000 0.000000 1.000000)
    (color-rgba 0.853333 0.853333 0.853333 1.000000)
    (color-rgba 0.000000 0.000000 0.000000 1.000000)
    (color-rgba 0.331976 0.331976 0.331976 1.000000)
    (color-rgba 0.244444 0.136889 0.000000 1.000000)
    (color-rgba 0.000000 0.010492 0.382222 1.000000)
    (color-rgba 0.000000 0.027451 1.000000 0.000000)
    (color-rgba 0.471111 0.000000 0.000000 1.000000)
    (color-rgba 0.288889 0.000000 0.269630 1.000000)
    (color-rgba 0.000000 0.280000 0.261333 1.000000)
    (color-rgba 0.340148 0.364444 0.000000 1.000000)
    (color-rgba 0.000000 0.257778 0.007076 1.000000)
    (color-rgba 0.000000 1.000000 0.026667 1.000000)
    (color-rgba 1.000000 0.613333 0.000000 1.000000)
    (color-rgba 1.000000 0.000000 0.933333 1.000000)
    (color-rgba 0.000000 1.000000 0.933333 1.000000)
    (color-rgba 0.933333 1.000000 0.000000 1.000000)
    (color-rgba 0.000000 0.026667 1.000000 1.000000)
    (color-rgba 1.000000 0.000000 0.000000 1.000000)
    (color-rgba 0.862222 0.862222 0.862222 1.000000)
    (color-rgba 0.984314 0.925490 0.600000 1.000000)
    (color-rgba 0.584314 0.823529 0.121569 1.000000))

# end of colorrc
