# GIMP colorrc
# 
# This file holds a list of recently used colors.

(color-history
    (color-rgba 0 0 0 1)
    (color-rgba 1 0.25149701716028749 0 1)
    (color-rgba 1 1 1 1)
    (color-rgba 0.9960784912109375 0.5058823823928833 0.34117648005485535 1)
    (color-rgba 0.61743819278742962 0.34080652626706776 0.99568965517241381 1)
    (color-rgba 0.9960784912109375 0.98431378602981567 0.9803922176361084 1)
    (color-rgba 0.12941177189350128 0.33725491166114807 0.53333336114883423 1)
    (color-rgba 0.70971858501434326 0.6754109263420105 0.71345216035842896 1)
    (color-rgba 0.70273095369338989 0.72150957584381104 0.77309000492095947 1)
    (color-rgba 0.039215687662363052 0.043137256056070328 0.050980396568775177 1)
    (color-rgba 0.38131114840507507 0.26798319816589355 0.25104519724845886 1)
    (color-rgba 0.31242552399635315 0.21428447961807251 0.19974544644355774 1)
    (color-rgba 0.29411783814430237 0.18431392312049866 0.17254918813705444 1)
    (color-rgba 0.28235313296318054 0.17655172944068909 0.17263013124465942 1)
    (color-rgba 0.33725512027740479 0.2431374192237854 0.23137268424034119 1)
    (color-rgba 0.27019253373146057 0.19207784533500671 0.18308711051940918 1)
    (color-rgba 0.26094591617584229 0.18969881534576416 0.15970346331596375 1)
    (color-rgba 0.28047126531600952 0.17792680859565735 0.17382395267486572 1)
    (color-rgba 0.30622139573097229 0.25636780261993408 0.23238673806190491 1)
    (color-rgba 0.30340903997421265 0.1938512921333313 0.16972589492797852 1)
    (color-rgba 0.29241275787353516 0.18323034048080444 0.17344364523887634 1)
    (color-rgba 0.25897926092147827 0.1821821928024292 0.16748562455177307 1)
    (color-rgba 0.24229297041893005 0.16673785448074341 0.12092355638742447 1)
    (color-rgba 0.33607569336891174 0.24196550250053406 0.23089149594306946 1)
    (color-rgba 0.24765747785568237 0.14332413673400879 0.12406118959188461 1)
    (color-rgba 0.1833554208278656 0.1791691780090332 0.15386620163917542 1)
    (color-rgba 0.27214977145195007 0.19232791662216187 0.18424904346466064 1)
    (color-rgba 0.67843139171600342 0.27058824896812439 0 1)
    (color-rgba 1 0.83137261867523193 0.0039215688593685627 1)
    (color-rgba 0.44705882352941179 0.21176470588235294 0.94901960784313721 1)
    (color-rgba 0.043137408792972565 0.0078431405127048492 0.20392170548439026 1)
    (color-rgba 0.048281177878379822 0.0078431405127048492 0.20392170548439026 1)
    (color-rgba 0.051309064030647278 0.0083233332261443138 0.20416414737701416 1)
    (color-rgba 0.15213090181350708 0.10483895987272263 0.2476503849029541 1)
    (color-rgba 0.095813043415546417 0.052394919097423553 0.18707025051116943 1)
    (color-rgba 0.0078431405127048492 0.098039381206035614 0.93333327770233154 1)
    (color-rgba 0.9921567440032959 0 0.81960785388946533 1)
    (color-rgba 0.98920154571533203 0.0029611850623041391 0.82633304595947266 1)
    (color-rgba 0.0078431405127048492 0.098039381206035614 0.9274936318397522 1)
    (color-rgba 0.9923241138458252 0 0.81864959001541138 1)
    (color-rgba 0.24176612496376038 0.096615292131900787 0.92805367708206177 1)
    (color-rgba 0.99336183071136475 0.001680671819485724 0.82489269971847534 1)
    (color-rgba 0.0089635858312249184 0.098039381206035614 0.93333327770233154 1)
    (color-rgba 1 0 0.82352960109710693 1)
    (color-rgba 0.0064119904220892839 0.098254873639945978 0.93294460641399413 1)
    (color-rgba 1 0 0.82215743440233169 1)
    (color-rgba 0.9869565217391304 0.9869565217391304 0.9869565217391304 1)
    (color-rgba 0.78823530673980713 0.21960800886154175 0.21960800886154175 1)
    (color-rgba 0.21930646672914714 0.25031950242821854 0.78787878787878785 1)
    (color-rgba 0.78787878787878785 0.21930646672914714 0.21930646672914714 1)
    (color-rgba 0.94117647058823528 0.82745098039215681 0.82745098039215681 6.9528876473497743e-310)
    (color-rgba 0.94308943089430897 0.8264185734640852 0.8264185734640852 1)
    (color-rgba 1 0 0 1)
    (color-rgba 0.93478260869565222 0.79676101546542166 0.79676101546542166 1)
    (color-rgba 0.24782608695652175 0.20041587901701324 0 1)
    (color-rgba 0.84782608695652173 0 0 1)
    (color-rgba 0.84705882352941175 0 0 4.6829480892551148e-310)
    (color-rgba 0.49130434782608701 0 0 1)
    (color-rgba 1 1 1 4.6490523013864715e-310)
    (color-rgba 1 0.9882352941176471 0.99215686274509807 1)
    (color-rgba 0.078431539237499237 0.078431539237499237 0.078431539237499237 1)
    (color-rgba 0.67826086956521747 0.21850014590020428 0.21850014590020428 1)
    (color-rgba 0.79136690647482011 0.79136690647482011 0.79136690647482011 1)
    (color-rgba 0.8666666666666667 0.81176470588235294 0.32156862745098042 1)
    (color-rgba 0.6705882352941176 0.69019607843137254 0.19607843137254902 4.6717522762104872e-310)
    (color-rgba 0.1690647482014388 0.083965042730915901 0.083965042730915901 1)
    (color-rgba 0 0 0 4.6566959646971315e-310)
    (color-rgba 0.070648517157496898 0.70143884892086339 0 1)
    (color-rgba 0.83093525179856109 0 0 1)
    (color-rgba 0.093111122612701033 0.92446043165467628 0 1)
    (color-rgba 0.080226369819117391 0.56115107913669071 0.026362802375549253 1)
    (color-rgba 0 0.14693856425650861 0.60071942446043169 1)
    (color-rgba 0.60071942446043169 0 0 1)
    (color-rgba 0.29199999999999998 0.182255 0.182255 1))

# end of colorrc
